time,x,y,z,phi,theta,psi,x_velocity,y_velocity,z_velocity,phi_velocity,theta_velocity,psi_velocity,rotor_speed1,rotor_speed2,rotor_speed3,rotor_speed4
0.06,-2.8669487995682075e-07,-1.051105183330857e-07,0.009576551655719766,6.282902880692845,0.0002172614653286331,0.0,-2.5290322656553348e-05,-1.9497370234079353e-05,0.3191838819638485,-0.01634942758487398,0.010025893773107648,0.0,500.9096276879835,501.6380009496127,502.6235672911246,501.4375663524781
0.12000000000000001,-9.136275337922233e-06,-1.1750683571717613e-05,0.03344572102945589,6.281760926036668,0.0007913921312630023,0.0,-0.0003346428933286604,-0.0004852437127995854,0.4764019867357565,-0.025025748937879327,0.008638702049538718,0.0,455.08428466109905,454.9731278162641,454.9641328652742,454.2690915648306
0.18,-5.0062726447025096e-05,-7.988827976851225e-05,0.06748714240147297,6.280537367002243,0.0015932655821950803,0.0,-0.0011063852092388156,-0.0019398557439751006,0.6582241846106652,-0.01244597250128326,0.021448642450833395,0.0,462.2392179815692,463.2473372195255,461.55575647565075,462.54737200996715
0.23999999999999996,-0.00015390917197930298,-0.0002534342689411041,0.10982671317089719,6.279754402421638,0.002666393307384496,0.0,-0.002475707336190655,-0.003922252009630626,0.7530362164387796,-0.014284418473559607,0.009587158062204023,0.0,436.5925810615056,435.60188883058396,435.40834676414806,435.25464868124953
0.3,-0.0003744076012680671,-0.0005806487592609908,0.16293133807157692,6.278557384037073,0.003873436709469935,0.0,-0.004993297104800952,-0.007109441740185415,1.0169200999628556,-0.034782176159500446,0.03555663313217225,0.0,485.6729911230337,487.61657092243564,487.5957517081191,486.06224280716265
0.36000000000000004,-0.0007762179486399999,-0.00112516137081153,0.23018119263467654,6.27752449469525,0.0062078334710662375,0.0,-0.00866382573833809,-0.011208526336069955,1.224540396987432,0.004836813773577503,0.04488056341675728,0.0,470.18587963335955,470.9082434171452,469.63729965693193,472.69983691024555
0.4200000000000001,-0.0014392624633196658,-0.001916680127542023,0.3072126269928694,6.277466113377489,0.00957389666764108,0.0,-0.013760619934378633,-0.015158633844945821,1.343039809396831,-0.016325564238624902,0.07227920421500852,0.0,442.0198198968377,444.2737650434094,446.1914301894289,444.4605999258446
0.48000000000000015,-0.002460868184242911,-0.0029370847586388336,0.3889705688482444,6.276745984575893,0.014386465930861903,0.0,-0.020721036327681904,-0.018932503516106283,1.3821728777874005,-0.004517419997671532,0.09261536856533686,0.0,418.71936787942803,420.4900727372505,417.85142025203004,418.8795489232767
0.5400000000000001,-0.003994153783256452,-0.004194852086418704,0.4730599824529939,6.275957157345587,0.019781346916959208,0.0,-0.03089710879220268,-0.023030903905208507,1.420751490893792,-0.04230253235271134,0.08388183146251967,0.0,419.5524297212643,418.8008100280172,420.31053078567317,417.0232125919947
0.6000000000000002,-0.006267502398075364,-0.005732621814873031,0.5608936087883453,6.273346253329795,0.024908420280264743,0.0,-0.04538682479599942,-0.0284843545951417,1.5069127182527737,-0.04605684932465109,0.08841660944998307,0.0,434.2990055190973,434.68533836495664,434.7779993094902,434.46225775992946
0.6600000000000003,-0.009513032398961436,-0.0076505615738404744,0.6538207036635699,6.270394168250409,0.030139502922090777,0.0,-0.06331928529888706,-0.03572931440484455,1.5905263898816284,-0.05637541852075164,0.08460135781872981,0.0,434.1379490365993,433.8242278176275,434.48730965951705,433.6198230842039
0.7200000000000003,-0.014015769494068204,-0.0100980632425042,0.7542238631125834,6.266738055962026,0.035183144543618816,0.0,-0.08732967963262193,-0.04624131656656788,1.7559812835282749,-0.0721142691317218,0.082957566494595,0.0,459.43120989918685,459.30640098304406,460.8245617970698,459.57627131791395
0.7800000000000004,-0.02002660466896334,-0.01324047061639377,0.8632608364659121,6.262545233304802,0.04039461095787633,0.0,-0.11356212573368044,-0.05895010072203864,1.8783613022631893,-0.06575215261889522,0.09369292875197067,0.0,446.56491188667167,447.4458305363269,447.00720511689656,447.5216175978165
0.8400000000000004,-0.027866271147694136,-0.017306174990070675,0.9830386804595765,6.258561761705613,0.04619034728859006,0.0,-0.14844075888169833,-0.07704770975143906,2.1137849405313403,-0.06770025986734907,0.10184325463768984,0.0,480.55961758024335,481.1841430162192,482.248429526811,482.098362540478
0.9000000000000005,-0.03785850340712813,-0.022510022630942473,1.1151024546491664,6.254620833522004,0.05303427347543099,0.0,-0.1853579912487483,-0.09685611967523228,2.2879560832239587,-0.061925662795162796,0.1312740383089461,0.0,462.9718961746764,465.2921569142349,464.4638331511208,464.9134774121797
0.9600000000000005,-0.04990115650270129,-0.028815179027506785,1.2515990115931763,6.251035191568931,0.06052747734940933,0.0,-0.2167114882639321,-0.11362017908071793,2.2619303715043233,-0.05575039692895968,0.10736431356347685,0.0,401.3548087658233,399.19463655175036,400.8623961634628,401.4201898746466
1.0200000000000005,-0.0642538675290961,-0.03634711693619312,1.3914689255622263,6.248007628149036,0.06770771183473112,0.0,-0.26243632332004707,-0.13777472461175871,2.4000534314874518,-0.04155907173103969,0.1369634210313367,0.0,452.853964806064,455.2405906520762,454.0034249396537,455.1389798760447
1.0800000000000005,-0.08120593075065824,-0.04523326657428171,1.535188753303488,6.2452023827999135,0.07569722915185828,0.0,-0.30333091917260674,-0.1586540759974265,2.390560333892176,-0.059962300664841,0.12420103156761751,0.0,407.5469972320199,406.4227222712755,408.27265238047585,406.62575746237735
1.1400000000000006,-0.10088251477140585,-0.05549033580550804,1.6800638503707728,6.242331147983766,0.0830194408599283,0.0,-0.35324514732538764,-0.18354035456566786,2.438429208628252,-0.030753651205654653,0.1173183362345639,0.0,426.7581144479878,426.18437645090074,425.4187114370864,427.91058531738986
1.2000000000000006,-0.123691625272308,-0.06728904854917575,1.8277781528035273,6.2403326476004395,0.09050211794944563,0.0,-0.407737500521883,-0.20992387306201465,2.4851981838376958,-0.038980594521438525,0.13643793668920237,0.0,425.47102715392214,427.11938484179706,427.2695290879696,426.56707579005416
1.2600000000000007,-0.15056274954101967,-0.08101278739646212,1.9852746750087678,6.23809992613614,0.09875765498023892,0.0,-0.48896497462022426,-0.24779534144243137,2.7639163516917336,-0.03389149504930429,0.13980402956615895,0.0,496.952707021403,497.2146996379335,497.39508498382503,497.7671418245086
1.3200000000000007,-0.18160960499420595,-0.09665201764821672,2.1503944674097926,6.235890653640045,0.10703238694509043,0.0,-0.5466350178332668,-0.27368861626182817,2.740032627343902,-0.04343865157532295,0.13383630167664123,0.0,405.9841795767527,405.4679656012216,404.5552005748169,403.693833557565
1.3800000000000008,-0.2168387371091731,-0.11413876252972735,2.3194021056830927,6.233219348073405,0.11508334549864685,0.0,-0.6285129461386743,-0.3094694986629169,2.893034319897771,-0.04678036171553141,0.13486573758177994,0.0,461.89993120312755,461.99695646054,462.80002970063236,462.5358831363222
1.4400000000000008,-0.2574081341105987,-0.13393803853187658,2.4996736301671847,6.229921366610062,0.12315374243197308,0.0,-0.7247035104799463,-0.35082481403462845,3.1152576718640073,-0.0812030357586711,0.13377933409389578,0.0,483.5245247633654,483.45775846401256,485.7123815968926,483.121769794852
1.5000000000000009,-0.30353393515985344,-0.15612918310750415,2.689961876871305,6.2250743840801785,0.1311521542568812,0.0,-0.8136170563448861,-0.38936000409545124,3.227190654855734,-0.07995652401106004,0.13234584593904267,0.0,451.7889615381182,451.6894133683303,452.96293964847854,453.0580445146817
1.560000000000001,-0.3554730327834585,-0.1808694287050279,2.889247079049754,6.220272299854702,0.13947021471259458,0.0,-0.9185513410460655,-0.4358244396103324,3.4148810779387877,-0.08019152745788556,0.14891188007133088,0.0,475.8077427878325,477.0905517767739,476.40098035067456,476.3783316467724
1.620000000000001,-0.413689222768872,-0.20840968031563126,3.098224432407411,6.21578053792193,0.1482880918559708,0.0,-1.0228820589980925,-0.48264277952318113,3.550374587350421,-0.0659101764709971,0.14275966433165105,0.0,461.79963233076063,461.3334145116416,462.50282130691147,463.62206714762874
1.680000000000001,-0.47848324868632097,-0.23890825326054405,3.3161264630460265,6.2122049567419335,0.1566753427057037,0.0,-1.1377836242149808,-0.5343436425656453,3.7122505650415514,-0.04927083078315613,0.13306787224382996,0.0,471.35719459360564,470.62447214068,471.70625938500547,472.98715263361817
1.740000000000001,-0.5497826792928109,-0.2723249092171645,3.540088650380789,6.209428906567819,0.1641509077324752,0.0,-1.2395756878071469,-0.5797907344578843,3.7527994900888735,-0.04085313668019891,0.09655908541437755,0.0,436.4470637755767,433.4027309075474,435.447581400106,436.1499033858006
1.8000000000000012,-0.627847952350497,-0.3087502701079281,3.7695771705367216,6.206922622799329,0.17006237069501928,0.0,-1.3631566939246704,-0.6346090504736456,3.896103091508436,-0.04367369301962569,0.10218800568319034,0.0,467.2171241882631,467.6636011279026,469.45282931957473,469.23307044066337
1.8600000000000012,-0.7132189214740657,-0.3484110724116494,4.006226103914283,6.2043682726026965,0.17627014910017813,0.0,-1.4831133292098744,-0.6876418661398809,3.9916198743704885,-0.04045696327928749,0.10589626958944563,0.0,455.1490536125345,455.4547862389149,454.9327112306093,455.1892773594248
1.9200000000000013,-0.8055643679858209,-0.39114705640479164,4.246599005172021,6.202421421222841,0.1828138723005761,0.0,-1.5956458124069945,-0.7370678575875347,4.0204707447720445,-0.0199395295773561,0.11473710433424555,0.0,435.1335743631499,435.8838226483707,433.8191494025988,435.53819531023726
1.9800000000000013,-0.9044770053328969,-0.4367442635252275,4.487000868179997,6.201340931869446,0.1892528716122639,0.0,-1.7020286700169869,-0.7829310526338631,3.9927969473881384,-0.01440127651224949,0.08524341684904177,0.0,417.98382014605795,415.41575877838835,416.92173298371955,417.4054264683632
2.0400000000000014,-1.0100095525922455,-0.48516471123136423,4.726382790617944,6.200624910652099,0.19402046351501667,0.0,-1.8161698443033039,-0.8311453305937151,3.986414145978282,-0.007406331849207339,0.06421703613318823,0.0,425.0244122624621,423.22356077247537,424.42569419914463,425.02579389496714
2.1000000000000014,-1.1228123657430777,-0.5366294563746741,4.967057001810379,6.200625423643521,0.19779123758035055,0.0,-1.9442654407996935,-0.8843424751184037,4.035674681610346,0.01177356098486293,0.0599545513527793,0.0,443.39608166793255,443.04859638068035,442.3061656642215,443.8831108734921
2.1600000000000015,-1.2435121325625786,-0.5913368137058826,5.211321099358635,6.201500209590378,0.20100844912350802,0.0,-2.079364693688576,-0.9391314562034304,4.105997673717412,0.019672104082483523,0.03629091314008231,0.0,451.63126280181694,449.72016976037264,450.4486349069375,451.08687524263485
2.2200000000000015,-1.3725201378776772,-0.6493672374006872,5.460443507177656,6.2023728718814315,0.2035326442006431,0.0,-2.221095412836394,-0.9950784929827987,4.19754600874595,0.0015535321383282818,0.051657385679352755,0.0,457.72398736069346,458.94625310009866,459.11463791585777,457.67458720230377
2.2800000000000016,-1.5101185172676628,-0.7107503822397042,5.7151462756151075,6.202128692013648,0.20658487744906484,0.0,-2.3657779602091273,-1.0509949481687968,4.291948178202074,-0.018752999317893905,0.04924913505477392,0.0,460.00460923509803,459.81539507139814,461.74037953648303,460.13549581456675
2.3400000000000016,-1.656130518962332,-0.7753674134936082,5.973875355891874,6.200850535845316,0.20988852875835828,0.0,-2.5015786426896605,-1.102998047571892,4.331955429471317,-0.02696296997898645,0.06469272612385488,0.0,443.73179484554856,444.9999285364798,444.910203780307,444.2374155577105
2.4000000000000017,-1.8104411755116352,-0.8431593157944297,6.2353205009401735,6.199095655883994,0.21432598081830623,0.0,-2.64249248871632,-1.1568641497357939,4.382389867840889,-0.03426109593557238,0.0879651906265859,0.0,448.1990494106915,450.0907869264327,448.6036968387964,448.01036316918214
2.4600000000000017,-1.973615596131186,-0.914337207154269,6.501160989781824,6.196886596829424,0.21940609812653644,0.0,-2.797117651159657,-1.2158985614236562,4.4782068469097,-0.04249436833072512,0.07709568355102367,0.0,465.14001319387455,464.2933949867342,463.8533922568691,463.20571618742207
2.520000000000002,-2.145939208553306,-0.989009444050027,6.7716302085839315,6.194790774946796,0.2241605479186557,0.0,-2.9474263232090294,-1.2733591726919096,4.536836226406631,-0.022979032755606164,0.083216434031247,0.0,453.8789365474247,454.3748364687897,453.17371367295283,454.739320978708
2.580000000000002,-2.326951716954797,-1.0669973343043058,7.043677850887641,6.193362550731521,0.22870002522150035,0.0,-3.0867834576829436,-1.3263483035014487,4.531109266574125,-0.025506162953713354,0.05288638540386041,0.0,434.893281262209,432.34933683226933,435.3828034036862,435.17120543632825
2.640000000000002,-2.515959109559973,-1.1480148162276063,7.313402454664326,6.191448035718352,0.23245583453531893,0.0,-3.213855176596086,-1.3743830005530757,4.459731272256293,-0.04951267967368014,0.07711746909602427,0.0,410.604937333222,412.7523978257473,414.83489655838525,412.7205266478616
2.700000000000002,-2.713129609972423,-1.2321272441196867,7.580739195703874,6.188052084144312,0.23678193473807774,0.0,-3.3589348634817706,-1.4296200285614755,4.451158424007477,-0.07711194310803113,0.05948583730453186,0.0,434.62085803819963,433.14440571439366,435.6821291464594,433.36551632982037
2.760000000000002,-2.9194383926489924,-1.319753962760124,7.848933531703802,6.182912282119402,0.2405012009381995,0.0,-3.518372281810184,-1.4916763112858542,4.488085874548788,-0.11423015172984377,0.06657113089649967,0.0,449.17862203864837,449.7556352496136,451.73664396529324,448.7263905746815
2.820000000000002,-3.136047902214546,-1.4114727632259962,8.121898440072329,6.175993674213224,0.24483283791742316,0.0,-3.70228990379026,-1.5662518463456683,4.609680026273868,-0.11756045092793743,0.08156158084996237,0.0,477.3785757472117,478.5247861122961,477.3687296158629,477.1036143941024
2.880000000000002,-3.3625737378545115,-1.507279162900393,8.397205923183485,6.169053913606627,0.24965673773956887,0.0,-3.849059988963165,-1.6278488725256703,4.566940957791719,-0.11211743149645036,0.07796556847716252,0.0,427.0842097273912,426.7828223634853,427.1051437380845,427.55664131902864
2.940000000000002,-3.598012280311035,-1.6068953924938754,8.66992094679374,6.162358788803068,0.2542427630939459,0.0,-3.9993693932529726,-1.6932227546277567,4.523255332158619,-0.11054298370244811,0.07318126636583533,0.0,427.5115542079948,427.10849426352763,427.61503661078035,427.73758993944796
3.000000000000002,-3.842936793667398,-1.710713657261824,8.941364983099612,6.156170215213397,0.2592400244659654,0.0,-4.165246595631335,-1.7679028481445953,4.524317722736781,-0.09140542571712526,0.09825206570187199,0.0,442.0132979975013,444.08041060417634,442.56767215123847,444.1308326466577
3.0600000000000023,-4.098073074952913,-1.819185219119835,9.213339193189316,6.1506245596201286,0.26509587329575357,0.0,-4.339846625419989,-1.848252237530783,4.540786506674918,-0.09455295407305457,0.09625614561644116,0.0,449.1942562837411,449.0403893616608,450.092339194506,449.8303931363153
3.1200000000000023,-4.364388826393567,-1.9328561001783267,9.488310649559494,6.144941361618674,0.2712867622382351,0.0,-4.537872169248447,-1.9412292042519184,4.623817309442258,-0.09505584941154348,0.11430705857496751,0.0,471.7774887574866,473.1778171225575,472.0531129610182,472.0072550898568
3.1800000000000024,-4.641566001628964,-2.0516331795231353,9.764020241484566,6.139393351039704,0.27775810147214575,0.0,-4.7020159427693295,-2.018430187280772,4.566093247965249,-0.08773859959516639,0.09007231708394234,0.0,430.369099199165,428.32289349180417,427.93419125484706,428.5491443297332
3.2400000000000024,-4.928340770198026,-2.174936688865724,10.034886530603563,6.134007117553505,0.2832710585327707,0.0,-4.857744259122976,-2.0920919163551863,4.46264601492366,-0.09417684322932404,0.09527511141104837,0.0,412.07663818169436,412.5442115821657,415.38061087090693,414.8081106902247
3.3000000000000025,-5.226305548195158,-2.3036252033262845,10.305342597219834,6.12782867213892,0.28933661178924286,0.0,-5.074921776484963,-2.1979625598694077,4.551285337732896,-0.13330399843256974,0.11072903029212709,0.0,477.443140753593,478.6288956247885,479.0313895073879,476.0368717913807
3.3600000000000025,-5.536297984904022,-2.4381895657397115,10.577184175803742,6.119556556905064,0.29568734654152085,0.0,-5.258789588285368,-2.2881196900858076,4.509444583843135,-0.14905257630989566,0.093660490201286,0.0,439.1943822413845,437.7859579148968,439.0222268533141,437.69515092375315
3.4200000000000026,-5.8582767576151875,-2.5787379207716956,10.849064642053644,6.110258024158176,0.30087783209432484,0.0,-5.474320180362494,-2.397536180421929,4.552059060922746,-0.17071228467305255,0.06570112552442423,0.0,468.2027584082232,466.02748967096545,468.99448249136753,467.28697732906403
3.4800000000000026,-6.193434842060917,-2.7260913936044333,11.123768448940517,6.100442974806253,0.3051438562078381,0.0,-5.697973778666465,-2.5150386165162857,4.603480307196636,-0.15220051942848212,0.08015329436386827,0.0,471.59034042382626,472.7090619875422,472.9916314026442,474.3914523137784
3.5400000000000027,-6.5417318074165705,-2.8804382284046333,11.400186261122574,6.09188550502439,0.31039088833364215,0.0,-5.912404638227598,-2.630505736897894,4.609388452528321,-0.12826549380814303,0.09905821196719654,0.0,460.2275314906676,461.7276484619718,460.2169919513619,462.08941526343995
3.6000000000000028,-6.901771719339882,-3.0411040520652044,11.673004224318722,6.0857531483540335,0.31615254107282187,0.0,-6.089603011249128,-2.7255017471643312,4.484260828476576,-0.07434630459189252,0.08915377537909656,0.0,418.9447933005697,418.09094078402353,416.58039265875004,421.25834577350633
3.660000000000003,-7.273654374370553,-3.2081989291903716,11.94147085128318,6.081019438817098,0.32127881086248244,0.0,-6.307026591678982,-2.8446205734681214,4.463727956739843,-0.09003847744765547,0.07672391792417801,0.0,456.3129406399192,455.3251201125505,455.65203247775634,454.39056172433976
3.720000000000003,-7.658080039481324,-3.382137253099073,12.206736700342288,6.076059712621255,0.325879772498352,0.0,-6.507746078038798,-2.9536939957756094,4.377946035534005,-0.07095310240080595,0.07660016718718167,0.0,435.3514120435061,435.3458387526214,434.4801444594886,436.0718443690336
3.780000000000003,-8.054541391961369,-3.5626119525508764,12.466382581755893,6.071905304088791,0.3310547673478066,0.0,-6.708267705643226,-3.0624382771522494,4.2764582894845145,-0.06601884282737748,0.10069909869104236,0.0,428.8854370250616,430.93409992387683,431.9761419252744,432.3883467541551
3.840000000000003,-8.465439440079706,-3.7510564920635123,12.726275542322247,6.067533944490458,0.337185919793642,0.0,-6.9887858511643755,-3.2191740598667042,4.384727544532644,-0.09225776387622353,0.10500275920336131,0.0,500.0322538569227,500.35350565299035,502.06106105846254,500.14954624674
3.900000000000003,-8.891295295729336,-3.947739712249545,12.986815850033526,6.062094578945432,0.3438351976385716,0.0,-7.207109035026108,-3.3372867163475233,4.299161877824389,-0.0876331797750726,0.12045853841622378,0.0,442.5347840975063,443.8162980989644,440.9239841273777,441.29902007374653
3.960000000000003,-9.33089065792092,-4.151881477842534,13.24339895114131,6.057009187153895,0.35120006402288606,0.0,-7.446768916390017,-3.4677226829197023,4.252455987820529,-0.07955112671640464,0.12696872258872044,0.0,457.0819309298122,457.61374147810227,456.8867679213689,457.52515372919163
4.020000000000002,-9.78342162812833,-4.362932174647722,13.49273915896222,6.051982059337785,0.35937496280513503,0.0,-7.638506051771233,-3.5676654985140823,4.058643741424343,-0.09398353550318056,0.1502668411957934,0.0,406.7347406832674,408.8351831507105,408.3559638132721,407.0595306066044
4.080000000000001,-10.25027191184617,-4.581656222881628,13.737161981165665,6.046039057021559,0.3688830437978341,0.0,-7.9238914074965905,-3.7233490777209806,4.086807905883604,-0.11182681828181075,0.1712003933100576,0.0,484.16077170245,485.75474013355216,486.3893263471245,485.0431225035129
4.14,-10.733073188631717,-4.808964709262349,13.9795589073087,6.039160726313444,0.379607230268749,0.0,-8.17037341521634,-3.8539369424093715,3.9917759669508257,-0.12095099352428444,0.1906400383927659,0.0,447.90672312456303,449.5154664127677,449.53913421627095,448.7873256106262
4.199999999999998,-11.229899960067224,-5.043603773968489,14.213690704353812,6.03183929755868,0.3917160071475676,0.0,-8.391528885829805,-3.9677546614680215,3.8117396235505576,-0.12425840668721877,0.21792434966223265,0.0,419.5691093133171,421.97352155998647,422.8389938429422,422.5395591436443
4.259999999999997,-11.742413481576463,-5.286477380888436,14.441976494485415,6.024385672497285,0.4044883006153617,0.0,-8.693140190013679,-4.128255243507812,3.7954543716771707,-0.12416457689612924,0.20015636744922957,0.0,482.17445915552906,480.8704933158082,480.7722905233971,480.7666727220492
4.319999999999996,-12.272340647143997,-5.538514195670768,14.666895776541203,6.017128934309383,0.4162522238884474,0.0,-8.97197836832464,-4.273238595668381,3.700073316719859,-0.1151855187607116,0.18629827315281583,0.0,460.8358555124046,459.7747475792695,458.758064226838,459.45795671814136
4.379999999999995,-12.818332311127655,-5.798801669563685,14.88390932289173,6.010124635439132,0.4272675845627667,0.0,-9.228678062817407,-4.40331478979074,3.53244666507131,-0.12003697352390609,0.1775414889285173,0.0,438.5451166472677,437.85002962842407,438.41737822783455,438.00152326106667
4.439999999999993,-13.380194622721355,-6.0671221386048515,15.091197880325597,6.002459619808132,0.43770269519661387,0.0,-9.50094584841689,-4.540998746823344,3.375720738897075,-0.15129862021048232,0.16546989945404936,0.0,445.68678999103173,444.727656607072,446.72732171850373,444.15433699960187
4.499999999999992,-13.961502979125159,-6.345509355196257,15.29477807431478,5.993770568849747,0.44815743018008547,0.0,-9.876453925758195,-4.738738751825681,3.407102386959329,-0.13428193647909342,0.18766898883120206,0.0,511.8059917190619,513.4083309179082,511.773073927383,512.9664344073148
4.559999999999991,-14.562858401007174,-6.634253222764212,15.494479380924375,5.985569621176566,0.4595894568172607,0.0,-10.169555581328748,-4.886307918764438,3.2477973158118605,-0.14197033594688793,0.1957152346711175,0.0,455.3965881109241,456.0742352347022,455.3266867604128,454.6941068092264
4.6199999999999894,-15.181228496340728,-6.9314634052283415,15.68283000951119,5.977587421924554,0.47120202273017053,0.0,-10.443707269582802,-5.020988523333522,3.0290840928539717,-0.11942260545758843,0.18880773505610074,0.0,438.5606112881289,438.02336127176346,436.87407600803965,438.7338385492042
4.679999999999988,-15.8149988687324,-7.236078706282089,15.855456988355904,5.970544547713221,0.48293224701434667,0.0,-10.68308882319743,-5.133209661284807,2.724334777413602,-0.11358610775845777,0.2063206390400137,0.0,407.39914638692653,409.00331714002203,407.7556868056416,408.2632606054757
4.739999999999987,-16.465780443820517,-7.548913769273519,16.013992345562325,5.9632416818578395,0.4954728768389174,0.0,-11.010407994783256,-5.294680513251881,2.5579117512064364,-0.1475751075600437,0.2139022674785038,0.0,463.120643843669,463.75775312537604,465.304565871116,462.62150335344836
4.799999999999986,-17.134346545106233,-7.8702847224154455,16.158565262136978,5.9539906815436545,0.5082652413447155,0.0,-11.276142359807098,-5.417989141362398,2.2598315872067354,-0.17259451200468698,0.21177867758089275,0.0,418.7569503474714,418.6200153792553,420.87316751408633,418.6765146046808
4.859999999999984,-17.821154491864,-8.200333458594653,16.288507193519518,5.943546392547432,0.5207448252666715,0.0,-11.618113253763038,-5.5837783114885315,2.068980028402039,-0.17719751612352638,0.19909634319387434,0.0,464.68183729684216,463.72662738917217,465.0470508163836,464.65851273068427
4.919999999999983,-18.526332747580756,-8.539033995332982,16.402750275762696,5.933298423069688,0.5326651036250478,0.0,-11.888835691281997,-5.706574158651603,1.7377246283956744,-0.16037728650173577,0.19780886391819175,0.0,415.71426389172467,415.6429985406435,415.9044334002495,417.34530196441034
4.979999999999982,-19.25085357340661,-8.8868493292988,16.501417332688327,5.923914243849323,0.544643285231313,0.0,-12.262383082019669,-5.887259662585292,1.5482516237425448,-0.1494575354445493,0.203056024880489,0.0,475.56649179343475,476.00448233218094,475.04082119952466,475.85624934733113
5.0399999999999805,-19.997395326712542,-9.24521006851459,16.58735628376467,5.91469541428031,0.5566254168321461,0.0,-12.622938421967559,-6.058084549653312,1.3136622396006192,-0.16370609833206223,0.19198567680087184,0.0,467.00950285886995,466.1817444596557,466.238308542648,465.1019907798064
